	0.39052324946528449434169  0.14063199569500609009687
	0.079571036193320079932256  0.19821958905003014828061
	0.1206155266243105345092  0.90441871476565427467875
	0.52603940457386866302869  0.50517690670917603235068
	0.96521696167309622982344  0.6167787889096787434795
	0.015335469979483387636954  0.79031023047413218041157
	0.20031915940359196204312  0.10135849290590663585032
	0.7681843381226921563254  0.25922295649499771386104
	0.91356204632369897300492  0.37677781441098906478615
	0.76179713698187712100918  0.43298691205353795341537
	0.68315049385798654046908  0.11626735893835656032724
	0.18300124266324621635782  0.50788079365523564057128
	0.83182290933645464114932  0.012267747899642097650363
	0.74944642360762059318802  0.61549223429313504318827
	0.62225632305362088558809  0.59127392414550949961694
	0.73190591984051556195823  0.56565157350415906645225
	0.76387116255418918697728  0.012779572053244137724848
	0.91719828728455965460853  0.8114769560338356280127
	0.31665386274301160485223  0.88448668917849970760869
	0.50126547762251716378046  0.44323769139276708584063
	0.23354792140123803445562  0.28187082395044660287908
	0.38322931685635325260719  0.51660094760200048202847
	0.77582390409699819588951  0.43386708080482999649874
	0.81064489521581906128489  0.1514136545133840661137
	0.58440056656692207504022  0.6893859499550358815867
	0.80565330935905377085504  0.57244203173203489498633
	0.080322825387270577190968  0.26755105995924727269042
	0.27981880832455063856656  0.98865455202230001496844
	0.60414678584977365982667  0.91214573472372528772922
	0.50341965840357338901612  0.029265231466509975671864
	0.59491680497066901089909  0.22640310843773331361817
	0.2391826809566387490591  0.2353255777784276636666
	0.046802533812263298618195  0.35878796705919691056863
	0.24327465577203530311401  0.15638096777553714411546
	0.59961865916830425771167  0.36345639655527489653153
	0.64532722050572155492176  0.74454013339455249465004
	0.26114108053089168937078  0.83316658103520357947502
	0.26703366137437228866602  0.028556536896413443893383
	0.17997019140979750306819  0.036964984162228639585912
	0.72635093458292587786929  0.077678556590191349950913
	0.65012058832222618942609  0.76437075797671949484169
	0.031921817470305514918838  0.53200424347631836141659
	0.52065879503295697805498  0.730443413709496836006
	0.64258914843322201271292  0.31174062579485617430208
	0.34100585726136611874892  0.1248055808827306933928
	0.35120868932046400701097  0.14600880637113414217687
	0.38133438461522312090679  0.93592266223203512964801
	0.2947106288255707529089  0.59039137027710275607006
	0.74677233805263987242995  0.42813691842748641258609
	0.79159331498276130911762  0.53798528459760608377849
	0.28252541752649723560964  0.34639099722094413014162
	0.1795575777904864223089  0.43692053502282152122049
	0.46547707191923498593056  0.54366649805738898049157
	0.58063148268527886575185  0.44659123916485871097493
	0.52426979575505006092584  0.64544726332903246124317
	0.40981802084009072428827  0.30698241680254340080225
	0.83898666027886170670769  0.1743903840772762781075
	0.90483379778677308635793  0.44173983831039620451264
	0.75348046457091366612246  0.35964545484615745296608
	0.48445103572888814635888  0.5474229457543338117631
